"0",""
"0","plot(Kclass3, main="""") "
